# d n0 p xi order Theta
#   d   n 0
3 1 19 1 1 6
3 1 19 4 9 17
3 1 19 16 9 2
3 1 19 7 3 8
3 1 19 9 9 3
3 1 19 17 9 6
3 1 19 11 3 6
3 1 19 5 9 5
3 1 37 1 1 29
3 1 37 16 9 3
3 1 37 34 9 6
3 1 37 26 3 24
3 1 37 9 9 14
3 1 37 33 9 19
3 1 37 10 3 1
3 1 37 12 9 32
3 1 37 7 9 30
5 1 31 1 1 5
5 1 31 9 15 30
5 1 31 19 15 23
5 1 31 16 5 22
5 1 31 20 15 15
5 1 31 25 3 15
5 1 31 8 5 29
5 1 31 10 15 0
5 1 31 28 15 15
5 1 31 4 5 20
5 1 31 5 3 27
5 1 31 2 5 16
5 1 31 18 15 25
5 1 31 7 15 12
5 1 61 1 1 11
5 1 61 16 15 56
5 1 61 12 15 11
5 1 61 9 5 30
5 1 61 22 15 36
5 1 61 47 3 9
5 1 61 20 5 1
5 1 61 15 15 33
5 1 61 57 15 36
5 1 61 58 5 1
5 1 61 13 3 46
5 1 61 25 15 9
5 1 61 34 5 15
5 1 61 56 15 0
5 1 61 42 15 50
7 1 43 1 1 28
7 1 43 9 21 16
7 1 43 38 21 12
7 1 43 41 7 4
7 1 43 25 21 23
7 1 43 10 21 19
7 1 43 4 7 42
7 1 43 36 3 8
7 1 43 35 7 32
7 1 43 14 21 37
7 1 43 40 21 38
7 1 43 16 7 14
7 1 43 15 21 11
7 1 43 6 3 3
7 1 43 11 7 26
7 1 43 13 21 2
7 1 43 31 21 42
7 1 43 21 7 21
7 1 43 17 21 4
7 1 43 24 21 40
7 1 127 1 1 48
7 1 127 94 21 119
7 1 127 73 21 31
7 1 127 4 7 1
7 1 127 122 21 30
7 1 127 38 21 120
7 1 127 16 7 84
7 1 127 107 3 60
7 1 127 25 21 68
7 1 127 64 7 59
7 1 127 47 21 37
7 1 127 100 21 125
7 1 127 2 7 23
7 1 127 61 21 0
7 1 127 19 3 113
7 1 127 8 7 119
7 1 127 117 21 105
7 1 127 76 21 92
7 1 127 32 7 103
7 1 127 87 21 118
7 1 127 50 21 38
9 1 109 1 1 83
9 1 109 97 27 82
9 1 109 35 27 56
9 1 109 16 9 98
9 1 109 26 27 73
9 1 109 15 27 29
9 1 109 38 9 2
9 1 109 89 27 108
9 1 109 22 27 24
9 1 109 63 3 28
9 1 109 7 27 12
9 1 109 25 27 67
9 1 109 27 9 43
9 1 109 3 27 106
9 1 109 73 27 82
9 1 109 105 9 87
9 1 109 48 27 108
9 1 109 78 27 101
9 1 109 45 3 90
9 1 109 5 27 47
9 1 109 49 27 4
9 1 109 66 9 22
9 1 109 80 27 2
9 1 109 21 27 99
9 1 109 75 9 70
9 1 109 81 27 41
9 1 109 9 27 38
9 1 163 1 1 133
9 1 163 64 27 145
9 1 163 21 27 114
9 1 163 40 9 28
9 1 163 115 27 113
9 1 163 25 27 105
9 1 163 133 9 9
9 1 163 36 27 138
9 1 163 22 27 43
9 1 163 104 3 76
9 1 163 136 27 88
9 1 163 65 27 153
9 1 163 85 9 23
9 1 163 61 27 13
9 1 163 155 27 27
9 1 163 140 9 150
9 1 163 158 27 99
9 1 163 6 27 20
9 1 163 58 3 154
9 1 163 126 27 17
9 1 163 77 27 108
9 1 163 38 9 4
9 1 163 150 27 0
9 1 163 146 27 48
9 1 163 53 9 94
9 1 163 132 27 42
9 1 163 135 27 94
11 1 67 1 1 32
11 1 67 4 33 35
11 1 67 16 33 0
11 1 67 64 11 65
11 1 67 55 33 28
11 1 67 19 33 26
11 1 67 9 11 33
11 1 67 36 33 8
11 1 67 10 33 30
11 1 67 40 11 17
11 1 67 26 33 5
11 1 67 37 3 43
11 1 67 14 11 40
11 1 67 56 33 4
11 1 67 23 33 17
11 1 67 25 11 30
11 1 67 33 33 32
11 1 67 65 33 45
11 1 67 59 11 46
11 1 67 35 33 36
11 1 67 6 33 40
11 1 67 24 11 6
11 1 67 29 3 47
11 1 67 49 33 0
11 1 67 62 11 31
11 1 67 47 33 53
11 1 67 54 33 6
11 1 67 15 11 30
11 1 67 60 33 37
11 1 67 39 33 58
11 1 67 22 11 58
11 1 67 21 33 30
11 1 67 17 33 21
11 1 199 1 1 47
11 1 199 132 33 31
11 1 199 111 33 57
11 1 199 125 11 76
11 1 199 182 33 73
11 1 199 144 33 124
11 1 199 103 11 96
11 1 199 64 33 115
11 1 199 90 33 72
11 1 199 139 11 0
11 1 199 40 33 190
11 1 199 106 3 6
11 1 199 62 11 25
11 1 199 25 33 80
11 1 199 116 33 123
11 1 199 188 11 110
11 1 199 140 33 31
11 1 199 172 33 28
11 1 199 18 11 97
11 1 199 187 33 173
11 1 199 8 33 84
11 1 199 61 11 102
11 1 199 92 3 34
11 1 199 5 33 102
11 1 199 63 11 181
11 1 199 157 33 78
11 1 199 28 33 3
11 1 199 114 11 107
11 1 199 123 33 133
11 1 199 117 33 55
11 1 199 121 11 176
11 1 199 52 33 100
11 1 199 98 33 48
13 1 79 1 1 33
13 1 79 9 39 10
13 1 79 2 39 39
13 1 79 18 13 24
13 1 79 4 39 25
13 1 79 36 39 31
13 1 79 8 13 43
13 1 79 72 39 35
13 1 79 16 39 35
13 1 79 65 13 69
13 1 79 32 39 3
13 1 79 51 39 63
13 1 79 64 13 64
13 1 79 23 3 77
13 1 79 49 39 61
13 1 79 46 13 8
13 1 79 19 39 50
13 1 79 13 39 60
13 1 79 38 13 28
13 1 79 26 39 18
13 1 79 76 39 45
13 1 79 52 13 48
13 1 79 73 39 67
13 1 79 25 39 62
13 1 79 67 13 23
13 1 79 50 39 8
13 1 79 55 3 74
13 1 79 21 13 39
13 1 79 31 39 72
13 1 79 42 39 2
13 1 79 62 13 58
13 1 79 5 39 72
13 1 79 45 39 15
13 1 79 10 13 75
13 1 79 11 39 19
13 1 79 20 39 56
13 1 79 22 13 68
13 1 79 40 39 19
13 1 79 44 39 27
13 1 157 1 1 123
13 1 157 154 39 25
13 1 157 9 39 61
13 1 157 130 13 71
13 1 157 81 39 115
13 1 157 71 39 2
13 1 157 101 13 134
13 1 157 11 39 83
13 1 157 124 39 94
13 1 157 99 13 123
13 1 157 17 39 20
13 1 157 106 39 59
13 1 157 153 13 130
13 1 157 12 3 152
13 1 157 121 39 35
13 1 157 108 13 40
13 1 157 147 39 39
13 1 157 30 39 151
13 1 157 67 13 4
13 1 157 113 39 23
13 1 157 132 39 148
13 1 157 75 13 20
13 1 157 89 39 92
13 1 157 47 39 74
13 1 157 16 13 78
13 1 157 109 39 15
13 1 157 144 3 41
13 1 157 39 13 22
13 1 157 40 39 8
13 1 157 37 39 109
13 1 157 46 13 62
13 1 157 19 39 85
13 1 157 100 39 98
13 1 157 14 13 118
13 1 157 115 39 149
13 1 157 126 39 29
13 1 157 93 13 148
13 1 157 35 39 140
13 1 157 52 39 18
15 1 181 1 1 142
15 1 181 16 45 151
15 1 181 75 45 171
15 1 181 114 15 72
15 1 181 14 45 163
15 1 181 43 9 136
15 1 181 145 15 64
15 1 181 148 45 32
15 1 181 15 45 9
15 1 181 59 5 58
15 1 181 39 9 135
15 1 181 81 45 70
15 1 181 29 15 90
15 1 181 102 45 1
15 1 181 3 45 80
15 1 181 48 3 14
15 1 181 44 45 31
15 1 181 161 45 51
15 1 181 42 5 40
15 1 181 129 45 124
15 1 181 73 9 122
15 1 181 82 15 6
15 1 181 45 45 168
15 1 181 177 45 72
15 1 181 117 15 168
15 1 181 62 9 1
15 1 181 87 45 113
15 1 181 125 5 114
15 1 181 9 45 80
15 1 181 144 45 91
15 1 181 132 3 25
15 1 181 121 45 74
15 1 181 126 45 116
15 1 181 25 15 143
15 1 181 38 45 22
15 1 181 65 9 41
15 1 181 135 5 16
15 1 181 169 45 58
15 1 181 170 45 66
15 1 181 5 15 17
15 1 181 80 9 117
15 1 181 13 45 112
15 1 181 27 15 179
15 1 181 70 45 164
15 1 181 34 45 35
15 1 271 1 1 219
15 1 271 44 45 25
15 1 271 39 45 54
15 1 271 90 15 166
15 1 271 166 45 178
15 1 271 258 9 158
15 1 271 241 15 172
15 1 271 35 45 59
15 1 271 185 45 180
15 1 271 10 5 61
15 1 271 169 9 91
15 1 271 119 45 112
15 1 271 87 15 75
15 1 271 34 45 261
15 1 271 141 45 222
15 1 271 242 3 8
15 1 271 79 45 93
15 1 271 224 45 6
15 1 271 100 5 43
15 1 271 64 45 230
15 1 271 106 9 113
15 1 271 57 15 262
15 1 271 69 45 22
15 1 271 55 45 206
15 1 271 252 15 222
15 1 271 248 9 94
15 1 271 72 45 172
15 1 271 187 5 242
15 1 271 98 45 191
15 1 271 247 45 35
15 1 271 28 3 98
15 1 271 148 45 74
15 1 271 8 45 97
15 1 271 81 15 193
15 1 271 41 45 118
15 1 271 178 9 197
15 1 271 244 5 170
15 1 271 167 45 73
15 1 271 31 45 59
15 1 271 9 15 20
15 1 271 125 9 84
15 1 271 80 45 159
15 1 271 268 15 175
15 1 271 139 45 156
15 1 271 154 45 162
3 2 19 1 1 12
3 2 19 4 9 6
3 2 19 16 9 6
3 2 19 7 3 14
3 2 19 9 9 13
3 2 19 17 9 9
3 2 19 11 3 0
3 2 19 6 9 9
3 2 19 5 9 10
3 2 37 1 1 15
3 2 37 16 9 14
3 2 37 34 9 34
3 2 37 26 3 10
3 2 37 9 9 16
3 2 37 33 9 21
3 2 37 10 3 12
3 2 37 12 9 2
3 2 37 7 9 13
5 2 31 1 1 21
5 2 31 9 15 16
5 2 31 19 15 19
5 2 31 16 5 14
5 2 31 20 15 16
5 2 31 25 3 26
5 2 31 8 5 2
5 2 31 10 15 11
5 2 31 28 15 16
5 2 31 4 5 8
5 2 31 5 3 25
5 2 31 14 15 16
5 2 31 2 5 26
5 2 31 18 15 2
5 2 31 7 15 19
5 2 61 1 1 36
5 2 61 16 15 41
5 2 61 12 15 4
5 2 61 9 5 42
5 2 61 22 15 20
5 2 61 47 3 8
5 2 61 20 5 26
5 2 61 15 15 21
5 2 61 57 15 40
5 2 61 58 5 57
5 2 61 13 3 28
5 2 61 25 15 60
5 2 61 34 5 8
5 2 61 56 15 23
5 2 61 42 15 50
7 2 43 1 1 7
7 2 43 9 21 28
7 2 43 38 21 18
7 2 43 41 7 34
7 2 43 25 21 19
7 2 43 10 21 41
7 2 43 4 7 2
7 2 43 36 3 18
7 2 43 23 21 38
7 2 43 35 7 23
7 2 43 14 21 42
7 2 43 40 21 8
7 2 43 16 7 28
7 2 43 15 21 33
7 2 43 6 3 6
7 2 43 11 7 34
7 2 43 13 21 35
7 2 43 31 21 1
7 2 43 21 7 17
7 2 43 17 21 37
7 2 43 24 21 34
7 2 127 1 1 22
7 2 127 94 21 91
7 2 127 73 21 99
7 2 127 4 7 121
7 2 127 122 21 31
7 2 127 38 21 74
7 2 127 16 7 10
7 2 127 107 3 73
7 2 127 25 21 17
7 2 127 64 7 64
7 2 127 47 21 57
7 2 127 100 21 94
7 2 127 2 7 89
7 2 127 61 21 3
7 2 127 19 3 68
7 2 127 8 7 38
7 2 127 117 21 55
7 2 127 76 21 21
7 2 127 32 7 42
7 2 127 87 21 86
7 2 127 50 21 19
9 2 109 1 1 22
9 2 109 97 27 74
9 2 109 35 27 76
9 2 109 16 9 108
9 2 109 26 27 24
9 2 109 15 27 41
9 2 109 38 9 63
9 2 109 89 27 84
9 2 109 22 27 9
9 2 109 63 3 60
9 2 109 7 27 82
9 2 109 25 27 73
9 2 109 27 9 1
9 2 109 3 27 73
9 2 109 73 27 48
9 2 109 105 9 55
9 2 109 48 27 46
9 2 109 78 27 10
9 2 109 45 3 45
9 2 109 5 27 56
9 2 109 49 27 15
9 2 109 66 9 90
9 2 109 80 27 85
9 2 109 21 27 23
9 2 109 75 9 80
9 2 109 81 27 91
9 2 109 9 27 103
9 2 163 1 1 60
9 2 163 64 27 107
9 2 163 21 27 103
9 2 163 40 9 128
9 2 163 115 27 53
9 2 163 25 27 156
9 2 163 133 9 30
9 2 163 36 27 70
9 2 163 22 27 139
9 2 163 104 3 85
9 2 163 136 27 40
9 2 163 65 27 144
9 2 163 85 9 7
9 2 163 61 27 71
9 2 163 155 27 50
9 2 163 140 9 117
9 2 163 158 27 40
9 2 163 6 27 115
9 2 163 58 3 109
9 2 163 126 27 149
9 2 163 77 27 126
9 2 163 38 9 7
9 2 163 150 27 80
9 2 163 146 27 119
9 2 163 53 9 24
9 2 163 132 27 48
9 2 163 135 27 30
11 2 67 1 1 16
11 2 67 4 33 60
11 2 67 16 33 26
11 2 67 64 11 42
11 2 67 55 33 18
11 2 67 19 33 31
11 2 67 9 11 11
11 2 67 36 33 37
11 2 67 10 33 5
11 2 67 40 11 10
11 2 67 26 33 66
11 2 67 37 3 66
11 2 67 14 11 15
11 2 67 56 33 37
11 2 67 23 33 59
11 2 67 25 11 54
11 2 67 33 33 35
11 2 67 65 33 47
11 2 67 59 11 5
11 2 67 35 33 54
11 2 67 6 33 32
11 2 67 24 11 38
11 2 67 29 3 12
11 2 67 49 33 59
11 2 67 62 11 49
11 2 67 47 33 30
11 2 67 54 33 13
11 2 67 15 11 18
11 2 67 60 33 33
11 2 67 39 33 43
11 2 67 22 11 0
11 2 67 21 33 50
11 2 67 17 33 66
11 2 199 1 1 145
11 2 199 132 33 152
11 2 199 111 33 37
11 2 199 125 11 83
11 2 199 182 33 164
11 2 199 144 33 99
11 2 199 103 11 185
11 2 199 64 33 5
11 2 199 90 33 135
11 2 199 139 11 102
11 2 199 106 3 112
11 2 199 62 11 1
11 2 199 25 33 46
11 2 199 116 33 128
11 2 199 188 11 56
11 2 199 140 33 133
11 2 199 172 33 79
11 2 199 18 11 41
11 2 199 187 33 10
11 2 199 8 33 137
11 2 199 61 11 191
11 2 199 92 3 139
11 2 199 5 33 135
11 2 199 63 11 110
11 2 199 157 33 4
11 2 199 28 33 107
11 2 199 114 11 66
11 2 199 123 33 84
11 2 199 117 33 189
11 2 199 121 11 191
11 2 199 52 33 24
11 2 199 98 33 52
13 2 79 1 1 37
13 2 79 9 39 28
13 2 79 2 39 78
13 2 79 18 13 71
13 2 79 4 39 0
13 2 79 36 39 57
13 2 79 8 13 54
13 2 79 72 39 41
13 2 79 16 39 31
13 2 79 65 13 23
13 2 79 32 39 13
13 2 79 51 39 13
13 2 79 64 13 35
13 2 79 23 3 65
13 2 79 49 39 47
13 2 79 46 13 21
13 2 79 19 39 28
13 2 79 13 39 31
13 2 79 38 13 20
13 2 79 26 39 47
13 2 79 76 39 11
13 2 79 52 13 41
13 2 79 73 39 66
13 2 79 25 39 1
13 2 79 67 13 12
13 2 79 50 39 6
13 2 79 55 3 45
13 2 79 21 13 27
13 2 79 31 39 63
13 2 79 42 39 25
13 2 79 62 13 65
13 2 79 5 39 35
13 2 79 45 39 5
13 2 79 10 13 56
13 2 79 11 39 63
13 2 79 20 39 11
13 2 79 22 13 4
13 2 79 40 39 17
13 2 79 44 39 4
13 2 157 1 1 62
13 2 157 154 39 150
13 2 157 9 39 98
13 2 157 130 13 89
13 2 157 81 39 18
13 2 157 71 39 144
13 2 157 101 13 26
13 2 157 11 39 53
13 2 157 124 39 21
13 2 157 99 13 49
13 2 157 17 39 148
13 2 157 106 39 99
13 2 157 153 13 78
13 2 157 12 3 96
13 2 157 121 39 133
13 2 157 108 13 42
13 2 157 147 39 106
13 2 157 30 39 41
13 2 157 67 13 123
13 2 157 113 39 5
13 2 157 132 39 74
13 2 157 75 13 47
13 2 157 89 39 41
13 2 157 47 39 101
13 2 157 16 13 108
13 2 157 109 39 6
13 2 157 144 3 137
13 2 157 39 13 132
13 2 157 40 39 115
13 2 157 37 39 47
13 2 157 46 13 148
13 2 157 19 39 127
13 2 157 100 39 90
13 2 157 14 13 39
13 2 157 115 39 34
13 2 157 126 39 147
13 2 157 93 13 71
13 2 157 35 39 80
13 2 157 52 39 61
15 2 181 1 1 104
15 2 181 16 45 177
15 2 181 75 45 133
15 2 181 114 15 148
15 2 181 14 45 91
15 2 181 43 9 22
15 2 181 145 15 15
15 2 181 148 45 157
15 2 181 15 45 66
15 2 181 59 5 10
15 2 181 39 9 151
15 2 181 81 45 70
15 2 181 29 15 179
15 2 181 102 45 179
15 2 181 3 45 54
15 2 181 48 3 84
15 2 181 44 45 176
15 2 181 161 45 52
15 2 181 42 5 158
15 2 181 129 45 86
15 2 181 73 9 155
15 2 181 82 15 62
15 2 181 45 45 59
15 2 181 177 45 176
15 2 181 117 15 43
15 2 181 62 9 172
15 2 181 87 45 101
15 2 181 125 5 81
15 2 181 9 45 150
15 2 181 144 45 74
15 2 181 132 3 169
15 2 181 121 45 40
15 2 181 126 45 82
15 2 181 25 15 123
15 2 181 38 45 64
15 2 181 65 9 131
15 2 181 135 5 134
15 2 181 169 45 36
15 2 181 170 45 158
15 2 181 5 15 97
15 2 181 80 9 44
15 2 181 13 45 131
15 2 181 27 15 59
15 2 181 70 45 168
15 2 181 34 45 156
15 2 271 1 1 244
15 2 271 44 45 82
15 2 271 39 45 28
15 2 271 90 15 36
15 2 271 166 45 36
15 2 271 258 9 78
15 2 271 241 15 148
15 2 271 35 45 196
15 2 271 185 45 196
15 2 271 10 5 2
15 2 271 169 9 203
15 2 271 119 45 204
15 2 271 87 15 146
15 2 271 34 45 245
15 2 271 141 45 9
15 2 271 242 3 157
15 2 271 79 45 97
15 2 271 224 45 20
15 2 271 100 5 231
15 2 271 64 45 220
15 2 271 106 9 225
15 2 271 57 15 142
15 2 271 69 45 72
15 2 271 55 45 267
15 2 271 252 15 36
15 2 271 248 9 81
15 2 271 72 45 201
15 2 271 187 5 160
15 2 271 98 45 44
15 2 271 247 45 122
15 2 271 28 3 14
15 2 271 148 45 94
15 2 271 8 45 227
15 2 271 81 15 63
15 2 271 41 45 256
15 2 271 178 9 183
15 2 271 244 5 167
15 2 271 167 45 95
15 2 271 31 45 196
15 2 271 9 15 33
15 2 271 125 9 124
15 2 271 80 45 105
15 2 271 268 15 15
15 2 271 139 45 188
15 2 271 154 45 92
